

---------------RUN START---------------


Number of different predictions using standard dropout instead of the mean of 1 samples
32
When standard dropout gets it right and the mean of samples doesn't
21
When the mean of samples gets it right and standard dropout gets it wrong
10

# Mean of outputs for every class during validation
21.19, -6.80, -4.03, -4.93, 0.21, -4.13, 1.93, -5.18, -1.00, 2.19
-2.74, 17.00, -0.12, -6.29, 0.82, -3.59, 0.17, -0.98, -0.84, -3.85
-3.84, -0.82, 23.75, 1.13, -0.25, -10.28, -2.58, 1.79, -1.19, -8.21
-10.41, 0.17, -4.37, 28.69, -10.95, 7.64, -7.17, -2.75, 0.34, -0.38
-13.68, -1.68, -0.17, -10.05, 28.98, -5.22, 0.54, 0.10, -0.67, -0.06
-3.97, -7.65, -9.03, 4.83, -8.59, 25.04, 1.16, -5.82, -0.60, 3.78
1.63, 0.40, -2.63, -8.89, 0.12, 6.04, 29.91, -18.67, 1.82, -10.14
-6.78, 2.50, 1.52, 0.05, 1.84, -5.56, -10.25, 18.74, -3.38, 1.10
-5.33, -7.48, -1.41, 3.68, -7.30, 1.92, -2.16, -7.56, 27.40, -1.55
-5.39, -4.58, -6.82, -1.57, 6.77, -3.00, -8.08, 0.36, 1.34, 21.53
# Standard deviation of outputs for every class during validation
4.56, 2.06, 2.11, 1.44, 1.52, 1.99, 2.36, 2.33, 1.70, 2.20
1.35, 3.22, 1.44, 1.59, 1.52, 1.14, 1.75, 1.57, 1.22, 1.62
2.77, 2.77, 6.65, 2.33, 2.24, 2.94, 2.43, 3.13, 2.58, 2.63
2.91, 1.79, 2.57, 7.47, 2.68, 2.93, 2.27, 1.90, 1.98, 2.47
4.53, 1.65, 2.40, 3.05, 8.99, 2.27, 2.24, 2.75, 2.23, 3.26
1.73, 2.51, 2.86, 2.70, 2.56, 7.33, 2.67, 2.23, 2.53, 2.69
2.71, 1.87, 2.44, 2.63, 2.57, 2.41, 7.49, 4.28, 2.13, 3.05
2.42, 2.06, 2.06, 1.78, 1.60, 2.13, 2.29, 4.97, 1.44, 1.71
3.33, 3.08, 2.74, 3.03, 3.11, 2.58, 2.57, 2.61, 8.93, 2.70
2.10, 1.52, 1.83, 1.84, 2.47, 2.65, 2.19, 2.09, 1.65, 5.52


---------------RUN START---------------


Number of different predictions using standard dropout instead of the mean of 1 samples
37
When standard dropout gets it right and the mean of samples doesn't
27
When the mean of samples gets it right and standard dropout gets it wrong
8

# Mean of outputs for every class during validation
25.61, -9.15, -1.71, -6.38, -1.02, -2.23, 1.61, -5.40, -1.54, -0.15
-1.79, 16.43, -0.26, -6.88, -0.15, -4.65, -1.30, 0.19, 0.14, -2.31
-3.16, -1.39, 23.98, 2.15, -4.18, -7.77, -4.42, 1.03, -0.07, -6.38
-11.98, -2.31, -5.32, 32.17, -12.94, 9.93, -9.44, -4.65, 3.23, 0.57
-10.58, -0.65, 0.67, -9.21, 26.22, -5.71, -1.68, 0.60, -2.74, 2.53
-6.59, -7.38, -10.25, 8.82, -11.05, 28.67, 0.51, -7.49, -0.97, 4.68
3.10, -3.52, -5.61, -4.60, -5.34, 8.91, 30.31, -15.45, 0.39, -7.53
-6.42, 1.22, 1.07, 0.16, 1.16, -4.15, -10.57, 18.92, -3.88, 2.15
-4.22, -6.67, -2.21, 4.30, -11.30, 1.52, -2.45, -8.90, 30.42, -0.75
-5.83, -5.20, -5.24, -3.44, 7.34, -3.47, -11.24, 1.25, 0.62, 25.09
# Standard deviation of outputs for every class during validation
6.14, 2.65, 2.36, 2.24, 2.14, 2.22, 2.32, 1.79, 2.24, 1.82
1.46, 3.28, 1.56, 1.87, 1.73, 1.24, 1.57, 1.58, 1.48, 1.40
2.83, 2.59, 7.22, 3.14, 2.06, 2.75, 2.35, 2.90, 2.61, 2.26
2.95, 1.41, 2.63, 7.54, 2.94, 3.54, 2.34, 2.23, 2.55, 2.03
3.23, 1.54, 2.12, 2.42, 7.28, 2.23, 2.31, 2.87, 2.32, 3.56
2.08, 2.37, 2.89, 3.43, 2.96, 7.96, 2.52, 2.37, 2.83, 2.57
3.06, 2.07, 2.52, 2.31, 2.78, 3.42, 8.15, 3.60, 2.02, 2.31
2.50, 1.65, 2.13, 2.13, 1.81, 1.79, 2.38, 5.28, 1.71, 2.01
3.07, 2.62, 2.70, 3.67, 4.03, 3.11, 2.49, 2.92, 9.27, 2.26
2.24, 1.88, 1.58, 2.09, 2.86, 2.13, 2.84, 2.01, 1.96, 6.41


---------------RUN START---------------


Number of different predictions using standard dropout instead of the mean of 1 samples
34
When standard dropout gets it right and the mean of samples doesn't
19
When the mean of samples gets it right and standard dropout gets it wrong
12

# Mean of outputs for every class during validation
21.87, -6.93, -1.14, -8.30, -2.60, -1.88, 1.45, -2.85, -1.03, 1.10
-1.17, 17.06, -2.08, -7.10, -1.09, -1.68, 0.04, 0.42, -0.86, -3.94
-4.47, 0.02, 25.28, -0.09, -2.16, -6.20, -3.23, 0.63, -0.11, -10.00
-11.52, 0.53, -4.85, 23.30, -6.88, 7.63, -5.23, -1.69, 1.05, 0.16
-9.15, -2.43, -2.39, -9.25, 24.97, -3.15, -0.61, -0.15, -0.90, 2.46
-2.82, -6.13, -9.57, 2.37, -5.98, 25.71, 1.81, -4.63, -0.73, 2.06
3.19, -2.31, -5.42, -7.96, -2.10, 7.52, 26.74, -12.77, 1.03, -7.54
-9.34, 2.69, 2.49, -1.99, 3.04, -3.59, -10.77, 21.54, -4.23, -0.11
-4.84, -5.29, -1.04, 0.24, -6.16, 2.43, 1.19, -7.25, 25.04, -4.22
-5.12, -4.20, -5.94, -3.23, 8.37, -3.29, -8.42, 2.47, -0.76, 20.17
# Standard deviation of outputs for every class during validation
4.75, 2.39, 2.10, 1.70, 1.59, 1.58, 2.42, 2.17, 2.00, 1.94
1.86, 3.51, 1.35, 1.84, 2.08, 0.92, 2.13, 1.87, 1.07, 1.83
2.53, 2.61, 7.37, 2.16, 1.79, 1.97, 2.30, 2.79, 2.14, 2.87
3.21, 1.47, 2.66, 6.57, 1.95, 2.74, 1.74, 2.05, 2.13, 1.72
3.03, 1.91, 1.99, 2.36, 7.06, 1.48, 2.61, 2.40, 2.26, 3.19
1.36, 2.10, 2.87, 2.36, 1.94, 7.51, 2.35, 2.09, 2.32, 2.29
2.74, 1.98, 1.95, 1.87, 1.87, 2.40, 6.23, 2.71, 1.94, 1.94
2.60, 1.76, 2.04, 1.73, 1.91, 1.58, 2.52, 5.63, 1.35, 1.77
2.87, 2.80, 2.67, 2.59, 2.98, 2.18, 2.17, 2.66, 7.80, 2.25
2.17, 1.77, 1.87, 1.55, 3.00, 1.96, 2.17, 2.41, 1.46, 5.41


---------------RUN START---------------


Number of different predictions using standard dropout instead of the mean of 1 samples
49
When standard dropout gets it right and the mean of samples doesn't
37
When the mean of samples gets it right and standard dropout gets it wrong
10

# Mean of outputs for every class during validation
19.69, -5.87, -2.30, -5.28, -2.31, -1.03, 4.36, -5.16, -1.97, -0.33
-7.36, 22.44, 0.12, -7.90, 0.30, -3.13, -0.99, 1.82, -2.75, -2.55
-3.73, 1.42, 20.65, 0.16, -3.77, -8.14, -4.02, 1.96, -0.27, -4.94
-15.51, -0.27, -2.47, 26.99, -8.96, 7.38, -8.71, -2.52, 1.99, 1.55
-16.75, 1.99, -2.13, -8.88, 25.97, -1.66, -1.23, -0.05, 0.11, 2.65
-8.51, -5.13, -12.24, 8.60, -6.92, 26.23, -0.06, -5.69, 0.52, 1.82
0.75, -3.06, -5.32, -4.68, -2.79, 8.38, 25.39, -12.91, -0.03, -6.03
-11.69, 3.36, -0.12, 0.01, 2.73, -3.20, -11.11, 18.97, -3.71, 3.60
-5.47, -4.51, -2.20, 1.08, -6.22, 2.98, -4.00, -7.21, 25.33, -0.24
-9.39, -3.10, -6.48, -2.81, 6.59, -1.05, -11.08, 3.14, 1.92, 21.18
# Standard deviation of outputs for every class during validation
4.90, 2.20, 1.88, 1.71, 1.28, 2.00, 2.46, 1.98, 1.69, 1.30
2.26, 4.40, 1.63, 2.07, 1.86, 1.49, 1.62, 1.90, 1.45, 1.53
3.11, 2.11, 6.55, 2.35, 1.66, 2.80, 2.12, 2.27, 2.11, 1.76
3.95, 1.28, 2.34, 6.86, 2.23, 2.80, 2.25, 1.88, 2.22, 1.76
4.96, 2.16, 2.41, 2.85, 7.83, 2.18, 2.50, 2.67, 2.44, 3.05
2.88, 1.91, 3.72, 3.27, 1.93, 7.32, 2.49, 2.49, 2.94, 2.21
2.70, 2.21, 2.37, 1.85, 2.05, 3.04, 6.72, 2.99, 1.79, 1.74
3.59, 2.09, 1.85, 1.55, 1.99, 1.91, 2.55, 5.02, 1.44, 2.06
3.21, 2.33, 2.82, 2.68, 2.37, 3.09, 2.67, 2.49, 8.56, 2.43
2.87, 1.82, 2.25, 1.93, 2.66, 2.22, 2.96, 2.43, 2.26, 5.62


---------------RUN START---------------


Number of different predictions using standard dropout instead of the mean of 1 samples
41
When standard dropout gets it right and the mean of samples doesn't
27
When the mean of samples gets it right and standard dropout gets it wrong
11

# Mean of outputs for every class during validation
21.60, -8.68, -0.26, -6.18, -0.94, -3.79, 1.98, -3.23, -1.77, 0.33
-4.85, 16.10, 0.46, -6.22, 0.55, -2.74, 1.06, -0.45, -1.03, -3.92
-5.86, 0.57, 28.70, 2.81, -5.42, -10.12, -3.64, 2.27, -1.39, -8.61
-12.23, 1.23, -1.51, 27.90, -10.86, 6.15, -9.03, -1.86, -0.06, -0.01
-8.69, -1.27, -0.65, -9.73, 25.48, -3.73, -2.08, -0.50, 0.72, -0.36
-5.35, -5.57, -11.12, 6.51, -7.07, 25.33, 0.86, -6.55, 0.53, 2.29
2.63, -0.05, -3.67, -7.63, -3.51, 6.77, 30.96, -15.44, -0.13, -10.34
-6.95, 2.68, 2.30, -1.44, 2.83, -5.14, -10.42, 19.17, -4.49, 0.58
-5.49, -6.60, 0.98, 1.33, -8.27, 1.62, -2.06, -9.26, 28.47, -1.03
-6.53, -4.41, -3.51, -1.95, 5.06, -1.60, -9.25, 2.23, 1.68, 19.14
# Standard deviation of outputs for every class during validation
5.59, 2.66, 2.17, 2.03, 1.46, 2.20, 2.42, 2.07, 1.80, 1.84
1.14, 3.59, 1.73, 2.03, 1.73, 1.35, 2.19, 1.88, 1.69, 1.59
2.96, 2.66, 8.24, 2.40, 2.13, 2.86, 2.62, 2.81, 2.56, 2.54
3.04, 1.80, 2.94, 7.04, 2.80, 2.75, 2.38, 2.12, 2.05, 2.12
2.75, 1.74, 2.60, 3.04, 8.07, 2.04, 2.81, 2.76, 2.79, 2.79
1.93, 2.51, 3.93, 2.98, 2.59, 8.35, 3.14, 3.00, 3.24, 2.70
3.19, 2.08, 2.80, 2.34, 2.35, 2.94, 7.84, 3.45, 2.38, 2.71
2.53, 2.05, 2.45, 1.90, 1.78, 1.79, 2.36, 5.25, 1.50, 2.19
2.72, 2.47, 3.59, 2.76, 3.41, 3.11, 2.62, 3.24, 9.22, 2.44
2.24, 1.50, 2.75, 1.47, 2.44, 2.04, 2.60, 2.16, 2.17, 5.71
