

---------------RUN START---------------


Number of different predictions using standard dropout instead of the mean of 1 samples
121
When standard dropout gets it right and the mean of samples doesn't
80
When the mean of samples gets it right and standard dropout gets it wrong
33

# Mean of outputs for every class during validation
10.22, -3.64, 1.08, -1.56, -3.48, -1.63, 2.69, -3.97, 0.51, -0.06
-4.03, 10.97, 0.89, -2.15, -0.21, -2.08, -1.56, -0.34, 0.17, -1.74
-2.15, 3.38, 15.00, 3.24, -3.82, -6.68, -5.45, 1.80, -0.57, -4.95
-5.82, 0.21, 2.06, 12.49, -4.37, 0.94, -5.15, 0.59, -0.16, -1.07
-6.33, -3.58, -2.46, -5.02, 14.32, -1.49, -2.11, -0.71, 1.69, 5.01
-2.15, -2.94, -5.41, 0.81, -3.03, 11.91, 2.02, -5.11, 2.29, 1.96
2.17, -2.21, -1.98, -3.75, 0.32, 3.36, 13.66, -9.53, 2.03, -4.00
-4.91, -1.26, 2.51, 2.39, -2.34, -2.36, -9.07, 12.17, -0.50, 3.40
-1.98, -0.62, 0.41, -0.49, -2.98, 0.43, -2.18, -2.57, 10.34, -0.08
-4.12, -5.18, -3.89, -1.61, 3.76, 0.08, -7.38, 2.38, 3.31, 12.09
# Standard deviation of outputs for every class during validation
2.66, 1.30, 1.66, 1.05, 1.13, 1.42, 2.11, 1.69, 1.20, 1.33
0.91, 2.17, 1.68, 1.35, 1.33, 0.80, 1.25, 1.28, 0.84, 1.14
1.87, 2.63, 4.86, 1.72, 1.88, 2.10, 2.05, 2.06, 1.57, 2.17
2.06, 0.98, 2.11, 3.93, 1.17, 1.90, 1.69, 1.62, 1.14, 1.34
2.31, 1.88, 1.89, 1.68, 4.46, 1.24, 2.22, 1.60, 1.36, 2.87
1.40, 1.36, 1.98, 1.98, 1.30, 3.77, 2.47, 2.00, 1.61, 2.10
1.88, 1.69, 1.43, 1.05, 1.78, 1.98, 3.22, 1.92, 1.16, 1.31
1.86, 1.71, 2.25, 1.77, 1.39, 1.64, 1.96, 3.36, 0.97, 1.91
1.50, 1.74, 2.29, 1.48, 1.54, 1.97, 2.29, 1.71, 3.57, 2.03
2.05, 1.70, 1.52, 1.13, 2.19, 1.51, 2.01, 1.80, 1.70, 3.26


---------------RUN START---------------


Number of different predictions using standard dropout instead of the mean of 1 samples
1122
When standard dropout gets it right and the mean of samples doesn't
542
When the mean of samples gets it right and standard dropout gets it wrong
293

# Mean of outputs for every class during validation
11.31, -1.96, 3.47, -1.37, -0.05, -4.10, -4.31, -3.74, 1.21, -0.75
-2.02, 29.02, -6.58, -4.27, -12.48, -5.12, -5.67, -9.48, 2.95, 12.21
-0.29, -6.10, 11.53, 2.55, 1.27, 1.74, 0.39, -1.16, -3.57, -6.37
-3.49, -4.83, 0.30, 9.05, 0.25, 5.46, 0.45, -0.36, -3.57, -3.28
-4.00, -7.69, 3.02, 2.42, 12.50, 3.13, 1.10, 1.92, -6.57, -5.90
-5.20, -5.47, 3.26, 5.77, -1.98, 16.08, -2.19, 0.80, -5.37, -5.34
-6.96, -4.30, 3.52, 4.39, 2.24, 1.41, 18.11, -6.73, -7.03, -5.53
-2.97, -6.63, -1.17, 0.23, 4.51, 6.81, -6.83, 17.76, -9.53, -2.84
2.49, 0.47, -4.06, -1.92, -3.54, -4.44, -2.87, -5.05, 17.24, 1.30
-0.87, 7.69, -5.22, -1.88, -6.59, -4.17, -7.85, -3.16, 0.73, 21.70
# Standard deviation of outputs for every class during validation
8.41, 3.90, 5.03, 4.07, 3.71, 4.69, 4.09, 4.03, 4.45, 4.35
5.18, 20.01, 6.07, 4.89, 8.35, 5.20, 6.03, 6.33, 5.53, 9.44
4.71, 4.05, 8.48, 3.20, 4.49, 4.65, 4.49, 3.74, 3.72, 4.58
3.57, 3.13, 3.78, 6.13, 4.15, 4.87, 4.69, 3.45, 3.33, 3.39
4.41, 3.95, 3.93, 3.61, 9.08, 4.37, 4.11, 5.19, 4.98, 3.62
4.54, 3.80, 5.35, 4.20, 6.63, 14.36, 5.64, 4.23, 4.55, 4.15
4.49, 3.66, 4.44, 3.71, 4.37, 4.03, 13.13, 5.44, 5.11, 4.12
4.09, 3.87, 4.99, 4.38, 5.24, 5.60, 6.46, 13.62, 6.96, 3.74
3.95, 4.49, 5.07, 3.63, 3.86, 3.92, 3.22, 3.72, 11.19, 4.38
4.84, 7.54, 5.05, 4.40, 4.87, 4.34, 6.15, 4.24, 4.57, 14.41


---------------RUN START---------------


Number of different predictions using standard dropout instead of the mean of 1 samples
1172
When standard dropout gets it right and the mean of samples doesn't
587
When the mean of samples gets it right and standard dropout gets it wrong
283

# Mean of outputs for every class during validation
14.65, -2.26, 5.51, -1.84, -0.44, -5.76, -4.76, -3.81, 0.05, -0.53
-2.20, 29.88, -9.16, -6.39, -9.35, -7.18, -3.64, -9.10, 3.83, 13.62
0.07, -5.90, 13.33, 1.20, 0.99, 1.96, 1.09, -0.75, -5.86, -5.70
-2.54, -4.24, 1.01, 8.21, 0.65, 4.94, 0.51, -0.88, -3.94, -3.31
-1.93, -7.31, 4.08, 1.24, 14.05, 2.59, -0.14, 2.65, -8.41, -6.72
-4.71, -4.77, 2.22, 5.74, -0.26, 14.61, -1.53, -0.27, -6.16, -4.42
-5.32, -2.12, 1.90, 3.50, 0.48, 0.59, 15.66, -5.94, -5.56, -2.89
-1.35, -6.92, -1.10, -4.01, 9.60, 6.62, -6.73, 19.91, -11.60, -4.17
4.93, 0.76, -2.01, -3.00, -3.55, -6.61, -1.88, -4.86, 15.31, 1.62
-0.79, 6.73, -4.37, -2.34, -4.98, -3.91, -6.82, -2.51, 0.55, 19.06
# Standard deviation of outputs for every class during validation
10.46, 4.24, 6.26, 4.30, 4.44, 5.73, 5.01, 4.90, 5.02, 5.21
5.62, 21.73, 8.53, 6.14, 7.05, 6.99, 5.36, 6.96, 5.48, 9.61
5.62, 4.70, 10.85, 4.00, 5.02, 4.49, 4.57, 4.02, 4.57, 4.77
3.74, 3.07, 3.86, 6.62, 4.03, 4.63, 4.13, 2.88, 3.45, 3.27
4.21, 3.93, 4.45, 4.14, 10.29, 4.16, 3.99, 5.24, 5.61, 4.39
4.78, 3.42, 4.14, 4.64, 5.54, 12.35, 4.70, 4.11, 3.99, 3.95
4.14, 3.67, 4.49, 3.68, 4.75, 4.43, 10.88, 5.01, 4.37, 3.23
4.38, 4.27, 5.41, 7.42, 8.39, 6.10, 6.07, 16.39, 8.06, 4.30
4.97, 4.47, 4.53, 3.86, 4.29, 5.17, 3.54, 3.76, 11.12, 3.93
4.54, 6.48, 4.60, 3.98, 4.69, 4.25, 6.04, 3.82, 4.08, 12.29


---------------RUN START---------------


Number of different predictions using standard dropout instead of the mean of 1 samples
1168
When standard dropout gets it right and the mean of samples doesn't
576
When the mean of samples gets it right and standard dropout gets it wrong
295

# Mean of outputs for every class during validation
14.90, -1.22, 2.27, -1.03, -1.43, -4.31, -5.48, -4.04, 0.85, -0.27
-1.04, 33.32, -8.98, -9.42, -8.86, -8.27, -4.19, -9.03, 2.51, 14.23
0.29, -5.22, 10.39, 1.41, 1.03, 1.66, 0.66, -0.46, -4.58, -5.15
-1.80, -4.57, -1.18, 8.70, 0.60, 4.77, 0.04, 0.28, -3.53, -3.36
-2.98, -6.62, 2.70, 2.06, 12.43, 1.97, -0.29, 2.77, -6.39, -5.71
-5.03, -5.49, 0.80, 6.44, -1.56, 13.96, -1.03, 1.78, -5.39, -4.69
-5.48, -4.32, 3.08, 2.98, 4.00, 1.30, 16.11, -5.43, -7.28, -4.52
-4.41, -6.89, -2.88, 0.29, 5.72, 7.30, -6.09, 21.64, -10.46, -3.12
4.12, 1.28, -3.46, -3.47, -3.79, -4.28, -3.96, -4.03, 17.28, 1.07
-0.32, 8.44, -6.60, -2.62, -6.32, -2.32, -7.84, -2.20, 0.67, 19.66
# Standard deviation of outputs for every class during validation
10.62, 4.86, 5.55, 4.52, 3.90, 5.12, 5.33, 5.20, 4.91, 5.40
6.84, 23.98, 7.77, 8.39, 6.34, 8.29, 5.73, 7.20, 6.19, 10.40
5.43, 3.97, 9.27, 3.56, 4.59, 4.21, 4.62, 4.26, 4.26, 4.55
3.38, 3.28, 4.07, 6.66, 4.09, 4.25, 4.59, 3.78, 3.38, 3.49
4.50, 3.71, 3.95, 3.54, 9.83, 3.81, 4.35, 5.29, 4.64, 4.05
5.34, 4.30, 4.19, 4.98, 5.52, 13.15, 4.36, 4.93, 4.20, 4.44
4.33, 3.40, 4.49, 3.85, 5.13, 4.06, 11.80, 5.17, 5.34, 4.15
5.51, 4.70, 5.86, 4.52, 6.31, 6.84, 5.67, 16.73, 7.95, 3.90
4.53, 4.28, 4.30, 4.01, 3.77, 4.17, 3.38, 3.66, 11.81, 4.26
4.93, 7.94, 5.01, 4.42, 4.89, 3.62, 6.46, 4.09, 4.99, 12.62


---------------RUN START---------------


Number of different predictions using standard dropout instead of the mean of 1 samples
1068
When standard dropout gets it right and the mean of samples doesn't
503
When the mean of samples gets it right and standard dropout gets it wrong
285

# Mean of outputs for every class during validation
12.25, -2.16, 2.76, 0.26, 0.01, -3.79, -3.07, -4.93, 0.73, -1.60
-2.02, 29.34, -8.93, -3.65, -11.07, -5.46, 0.48, -10.99, 2.26, 10.16
-0.37, -5.35, 11.40, 1.68, 1.40, 0.90, 1.56, -1.52, -4.23, -5.58
-3.48, -3.73, -0.35, 9.37, -0.33, 3.94, 0.24, -0.28, -3.37, -2.06
-3.31, -6.98, 3.03, 1.37, 12.45, 2.68, 0.49, 2.87, -7.11, -5.42
-6.35, -4.23, 0.99, 6.70, -1.37, 13.37, -0.82, 1.62, -5.44, -4.10
-6.64, -1.59, 2.37, 4.01, 0.51, -0.13, 16.59, -6.67, -4.59, -3.86
-2.67, -6.44, -3.20, -0.23, 6.07, 9.53, -9.95, 25.03, -14.68, -3.17
4.22, 0.99, -3.63, -1.45, -4.14, -7.52, -2.18, -7.74, 17.83, 3.84
0.86, 7.40, -6.05, -2.00, -8.59, -2.73, -5.89, -3.44, -1.14, 21.81
# Standard deviation of outputs for every class during validation
8.26, 4.19, 4.89, 3.99, 3.56, 4.45, 3.95, 4.60, 5.00, 5.26
5.23, 20.31, 7.28, 5.03, 7.12, 5.42, 5.58, 7.61, 6.66, 8.11
5.17, 4.18, 8.87, 3.37, 4.60, 4.15, 4.29, 4.40, 4.02, 4.35
3.84, 3.11, 3.80, 6.43, 4.09, 4.35, 4.80, 3.66, 3.33, 3.39
4.40, 4.50, 3.80, 3.83, 9.79, 4.21, 4.02, 6.00, 5.20, 3.83
5.62, 3.38, 4.03, 4.75, 5.58, 11.96, 4.86, 4.64, 4.13, 4.19
4.53, 3.62, 3.95, 4.03, 4.28, 4.14, 11.34, 5.38, 3.79, 3.55
5.05, 4.62, 6.26, 5.67, 7.57, 9.39, 9.57, 21.44, 11.61, 4.83
4.79, 5.01, 4.68, 3.48, 4.07, 5.48, 3.23, 5.09, 12.07, 4.56
4.50, 6.86, 4.80, 4.59, 5.64, 3.69, 5.43, 3.95, 4.79, 13.71


---------------RUN START---------------


Number of different predictions using standard dropout instead of the mean of 1 samples
1105
When standard dropout gets it right and the mean of samples doesn't
534
When the mean of samples gets it right and standard dropout gets it wrong
293

# Mean of outputs for every class during validation
13.19, -1.10, 4.11, -1.14, -1.46, -5.06, -3.51, -5.27, 1.18, -0.34
-1.41, 26.19, -5.84, -3.54, -9.73, -6.84, -0.48, -7.94, 1.36, 9.82
1.38, -5.70, 12.68, 1.21, 0.08, 1.72, 1.87, -2.16, -4.50, -5.91
-1.97, -4.43, 0.07, 8.00, 0.30, 4.40, 0.31, -0.17, -2.49, -3.74
-2.20, -6.83, 3.02, 1.22, 11.90, 1.96, 0.83, 2.32, -6.38, -5.67
-4.67, -5.03, 2.03, 6.02, -1.74, 12.83, -0.39, 1.07, -4.47, -5.28
-4.73, -2.36, 3.60, 2.46, -0.71, 0.67, 16.15, -6.00, -4.35, -4.35
-1.66, -6.06, -2.46, -1.63, 5.45, 5.83, -7.37, 22.55, -11.33, -3.89
4.89, 0.67, -1.29, -2.28, -4.00, -5.67, -1.20, -5.48, 14.87, -0.07
1.28, 5.45, -3.66, -1.65, -5.99, -3.19, -3.78, -2.95, -0.91, 16.21
# Standard deviation of outputs for every class during validation
8.51, 4.24, 5.14, 3.95, 3.82, 4.72, 4.10, 4.74, 4.27, 4.61
4.96, 19.71, 5.79, 4.78, 6.91, 6.48, 4.76, 6.35, 5.23, 8.20
5.29, 3.99, 10.38, 3.06, 4.43, 4.05, 4.47, 4.79, 4.35, 4.78
3.67, 3.06, 3.89, 5.81, 3.92, 4.23, 4.10, 3.52, 2.75, 2.97
4.79, 4.06, 3.77, 3.34, 10.17, 4.20, 4.02, 5.92, 5.44, 3.63
5.12, 3.28, 4.42, 4.42, 5.91, 11.72, 4.19, 4.76, 3.41, 3.78
3.93, 3.32, 4.16, 3.61, 4.41, 4.09, 10.84, 4.92, 3.74, 3.31
5.05, 4.05, 5.94, 5.28, 6.19, 6.55, 7.20, 18.02, 8.21, 4.33
4.49, 3.87, 3.82, 3.55, 3.84, 4.55, 2.78, 4.11, 10.05, 3.20
4.19, 5.72, 4.03, 3.95, 4.62, 3.76, 4.16, 3.91, 3.76, 11.58
